0 7 10 6 0 15 0 2 0 0 0 5 0 0 0 0 
0 0 15 0 0 8 0 0 0 0 7 14 11 0 5 6
5 14 11 0 6 0 12 16 9 3 1 0 4 0 2 8
12 1 0 0 14 4 5 0 6 11 15 2 0 3 0 0
3 0 0 0 0 0 0 12 5 2 0 0 0 0 11 4
0 0 0 0 0 0 0 8 11 12 14 15 3 0 0 0 
9 0 0 0 0 0 3 0 1 0 0 0 2 7 0 0 
6 12 0 0 2 16 1 0 0 0 0 9 14 0 8 0
15 2 0 12 0 0 10 0 0 6 0 0 0 13 0 0
0 4 0 0 0 1 2 0 0 10 0 0 9 8 3 14
0 0 0 0 11 0 9 5 0 0 0 0 15 0 0 0
0 0 6 14 16 0 0 0 0 9 11 3 1 0 7 0
7 5 4 9 12 0 16 0 0 0 10 11 8 2 0 3
0 6 0 15 0 11 0 0 0 0 0 0 0 0 0 0
0 11 1 0 0 0 0 0 8 5 0 0 0 0 0 0 
0 16 0 2 5 0 0 0 3 0 6 13 0 0 15 0