
Answer 1:
 4  7 10  6  3 15 11  2 13 16  8  5 12 14  1  9 
 2  9 15  3  1  8 13 10 12  4  7 14 11 16  5  6 
 5 14 11 13  6  7 12 16  9  3  1 10  4 15  2  8 
12  1  8 16 14  4  5  9  6 11 15  2  7  3 10 13 
 3 15 14  8  9 10  6 12  5  2 16  7 13  1 11  4 
16 13  2  1  4  5  7  8 11 12 14 15  3  6  9 10 
 9 10  5 11 15 14  3 13  1  8  4  6  2  7 12 16 
 6 12  7  4  2 16  1 11 10 13  3  9 14  5  8 15 
15  2  9 12  8  3 10 14  7  6  5  1 16 13  4 11 
11  4 13  5  7  1  2  6 15 10 12 16  9  8  3 14 
 1  3 16  7 11 12  9  5  4 14 13  8 15 10  6  2 
10  8  6 14 16 13  4 15  2  9 11  3  1 12  7  5 
 7  5  4  9 12  6 16  1 14 15 10 11  8  2 13  3 
13  6  3 15 10 11  8  7 16  1  2  4  5  9 14 12 
14 11  1 10 13  2 15  3  8  5  9 12  6  4 16  7 
 8 16 12  2  5  9 14  4  3  7  6 13 10 11 15  1 
